C = 72
B = 71
A = 69
G = 67

F = 65
E = 64
D = 62
C = 60
B = 59
A = 57
G = 55
F = 53
E = 52

D = 50
C = 48
B = 47
A = 45
G = 43

{55, 62, 59, 59, 57, 55, 55, 60, 59, 59, 57, 57, 55, 55, 62, 59, 59, 57, 57, 55, 55, 52, 55, 55, 62, 59, 59, 57, 57, 55, 55, 60, 

59, 59, 57, 57, 55, 55, 62, 59, 59, 57, 55, 55, 57, 52, 
//never gonna
 50, 52, 55, 52, 59, 59, 57, 50, 52, 55, 52, 57, 57, 55, 50, 52, 55, 52, 
55, 57, 54, 52, 50, 50, 57, 55, 50, 52, 55, 52, 59, 59, 57, 50, 52, 55, 52, 62, 54, 55, 54, 52, 50, 52, 55, 52, 55, 57, 54, 52, 50, 50, 57, 55,
// Epic sax guy
62, 62, 62, 62, 60, 62, 62, 62, 62, 62, 60, 62, 62, 65, 62, 60, 60, 58, 55, 55, 57, 58, 55,
// Sandstorm
59, 59, 59, 59, 59, 59, 59,
59, 59, 59, 59, 59, 64, 64, 64, 64, 64, 64, 64, 62, 62, 62, 62, 62, 62, 62, 57, 59, 59, 59, 59, 59, 59, 59, 59, 59, 59, 59, 59, 64, 64, 59, 59, 59, 59, 59, 59, 59, 
59, 59, 59, 59, 59, 64, 64, 64, 64, 64, 64, 64, 62, 62, 62, 62, 62, 62, 62, 57, 59, 59, 59, 59, 59, 59, 59, 59, 59, 59, 59, 59, 64, 64, 59, 59, 59, 59, 59, 59, 59, 59, 59, 59, 59, 59, 
// Take on me
53, 53, 49, 46 //too low of note

